t_1,t_2,t_3,t_4,t_5,t_6
0.118159427291467,0.09608186392619968,0.08934081678536807,0.16082283875791356,0.0957636839202248,0.4398313693188269
0.15563493463223602,0.13036238104608566,0.18084222168167108,0.2435235835880736,0.13197390664048742,0.15766297241144608
0.19155768610892845,0.1455785492539721,0.155462185462028,0.15543633119635944,0.13019822387931274,0.22176702409939927
0.11375334490465329,0.13349243588068496,0.10681410338024283,0.1636805272781599,0.13030970411449164,0.3519498844417674
0.10321158169991648,0.12870827927277562,0.12138585665069498,0.13933767024187585,0.1421470366535562,0.3652095754811808
0.11690926638280388,0.19525363150379826,0.16217260624933866,0.10505477736610185,0.25236562696573,0.16824409153222727
0.11299680416372562,0.19591204868792797,0.09962044890623727,0.13268952390997288,0.15361978835524784,0.3051613859768886
0.09718251625263656,0.09507557433823216,0.26620964169695044,0.20093887264425936,0.16000438266635716,0.18058901240156428
0.1586586496756189,0.12437138816935911,0.1936110732737254,0.15603002889439938,0.15132180418997399,0.21600705579692325
0.1363633592920927,0.12715565304474508,0.15698275681125068,0.11212750729993412,0.22882943940655998,0.23854128414541748
0.18001513691511095,0.1440611858348365,0.18760297915211785,0.1620228117480272,0.14876820011238026,0.1775296862375272
0.12831689756769937,0.24451830140447758,0.12239744031584557,0.10802690303321069,0.10622224608602128,0.2905182115927456
0.12691644722333023,0.17427950958414978,0.2719712503725611,0.11696990005878104,0.19110100236613756,0.11876189039504012
0.1360160896505456,0.14967036801276767,0.1200886700718136,0.21719592779079436,0.22408815651755512,0.1529407879565236
0.1736382705690379,0.1985454050737411,0.14650162416209625,0.14477398516422035,0.2167205806559474,0.11982013437495685
0.28227123899291967,0.27408415722599744,0.12837439593238123,0.10428242768905996,0.1251189202910428,0.08586885986859868
0.16446151857617589,0.25960984840661516,0.10593768726018192,0.14810791407524612,0.15404266845350453,0.16784036322827636
0.16700534978944956,0.16911817850859606,0.20101578449690494,0.14983290528141124,0.15048537783686528,0.16254240408677303
0.1449352323056492,0.12405950207289794,0.20736665000620558,0.15048813844584172,0.22353254604813633,0.14961793112126914
0.09005019310293473,0.10615857265787325,0.3890229433319132,0.12367300801954144,0.1603957468061659,0.13069953608157128
0.2053386434976529,0.12329024839548103,0.25043398552952695,0.1550422295046827,0.1544096084092182,0.11148528466343817
0.2012813159715719,0.14253205668039642,0.14069390501814671,0.14221186491958315,0.16888743084970023,0.20439342656060155
0.12342013655875046,0.15488363370451036,0.2293706309443944,0.20858414824221017,0.1452127608486683,0.13852868970146642
0.15009286069092279,0.14651765846676157,0.19038944751326958,0.11604932918846271,0.30120410473726744,0.0957465994033158
0.15035537831202414,0.1045999031833547,0.17456761524767897,0.16101409785700482,0.24858818304994768,0.16087482234998973
0.1094899235431355,0.11139811643107236,0.2456072133920617,0.1432143538762455,0.24735672200875045,0.14293367074873436
0.13472893361109528,0.09389825956893008,0.15063755756690123,0.09922071809285617,0.3885732963923764,0.13294123476784092
0.11087318513161928,0.1262746549818722,0.20662837794251943,0.14095396070777025,0.2747073638552722,0.14056245738094664
0.22043587006468354,0.17774347676966726,0.12971603659483544,0.16820634390885233,0.16411670827646235,0.139781564385499
0.1366025816790385,0.10684538818651992,0.16334533472427512,0.24248191530124846,0.17476588508263402,0.1759588950262839
0.14735338043741975,0.18710516237552594,0.26558131514960304,0.15500423469970487,0.1347872652559746,0.11016864208177173
0.20761982955943833,0.12645335904925714,0.1633303598008007,0.1971174021223901,0.13742832524448406,0.16805072422362968
0.12009520327799153,0.10146638343200173,0.14867831564442074,0.10596858598969636,0.40009640544104824,0.12369510621484138
0.18946938059239182,0.11528317871792446,0.13528569741970217,0.10716146623485748,0.302128377848123,0.15067189918700113
0.17396341281629227,0.11277353957068117,0.17252988891471113,0.20140162854592586,0.18335976399700388,0.1559717661553857
0.23378618727317263,0.21481519588598336,0.1775682562900236,0.12842584606870427,0.13828661594565897,0.10711789853645695
0.1739337149098606,0.11710177696398819,0.2329372830196934,0.2123524002535242,0.14575294536490127,0.1179218794880321
0.23201887451145714,0.18132397605313488,0.1475837528132786,0.12822216971816325,0.15177645351914562,0.15907477338482054
0.1500762296824315,0.10958940052372841,0.25168358975920596,0.1713228342175498,0.14805306724687028,0.16927487857021395
0.12049372795374476,0.1321436731569272,0.3233810848671855,0.13304135640081688,0.1430591574947416,0.14788100012658412
0.15629704966406466,0.2015447945788974,0.1667687852828256,0.17577435950158773,0.18435558388284543,0.11525942708977897
0.14690906574516133,0.18327276531224,0.1729593127636522,0.15750690461146566,0.16214862556492812,0.17720332600255262
0.23064164426111838,0.11497377114464313,0.1524028138038017,0.20286848230109122,0.16307483294930963,0.1360384555400359
0.13980986231125409,0.1759184856013268,0.14094902153869734,0.1766301801523578,0.15092849332210076,0.21576395707426319
0.11548395054693143,0.14021228621904117,0.18980829130064233,0.1621162419218185,0.17169587895454722,0.2206833510570194
0.1620022673001255,0.17933868225072908,0.1846126674094747,0.16855819526595903,0.1812869929274306,0.12420119484628096
0.17227778698944243,0.38218861011215555,0.12312432366336745,0.11703031102372272,0.10578512112895502,0.09959384708235705
0.13796934729099347,0.11488157316255126,0.16367855479354812,0.2559031693024217,0.21492680290906782,0.11264055254141758
0.14085723303537645,0.1251666511446699,0.17482320541148869,0.26604379852337695,0.14840044887087264,0.14470866301421537
0.10899852267581946,0.09901669226733452,0.35969234554352353,0.1284276897336809,0.20270813470416474,0.10115661507547709
0.11952654427534816,0.21530247569809416,0.14985108530918959,0.18686154520223003,0.20610462669594748,0.12235372281919063
0.10684925477505308,0.16797025875735802,0.25985597318084747,0.16792030807252598,0.14351260901694188,0.15389159619727372
0.13661366180766088,0.16077327704742522,0.14732350286095988,0.22433063957924293,0.13096738858186943,0.19999153012284188
0.20198079234378713,0.14679357278793215,0.18225937390921973,0.14654006373337838,0.14978530148161545,0.1726408957440671
0.19888361079790465,0.13754701456506738,0.1780077490764079,0.14092058724019604,0.21731768738325857,0.12732335093716549
0.10843135369510719,0.15534103450860043,0.22898759921749412,0.15871023320499528,0.19045016452313554,0.15807961485066743
0.1145127533248895,0.21187192313415928,0.2071131740239974,0.1295044522444477,0.13014139827281934,0.20685629899968674
0.2160331131890361,0.12376679115412717,0.14542111581792388,0.17921272151293186,0.21813949260958962,0.11742676571639146
0.17023102894802683,0.139483971885815,0.18927769432833075,0.20608302078446444,0.15647918790952445,0.1384450961438386
0.15182944273781523,0.28263942986091667,0.17966525783881795,0.12319261810523362,0.15699159379743033,0.1056816576597862
0.12034558937680621,0.3104650008717422,0.17047902421649153,0.14368079388554902,0.12407387395410253,0.13095571769530856
0.11745961475941823,0.14047945081295304,0.2238259580771259,0.20615878039255087,0.15104731946456212,0.16102887649338982
0.1345573639068457,0.26239494047961487,0.0899637350286405,0.12585994883884408,0.18265625899180787,0.204567752754247
0.20381538612798258,0.21193178224049583,0.1216604161101524,0.17788990555589324,0.14943104211904823,0.1352714678464279
0.19196784083835164,0.14163498734941432,0.12130264101344783,0.19938211291191324,0.2484050223542568,0.09730739553261629
0.16584471990789182,0.1609325083947409,0.1751952153645969,0.1634641323669804,0.20790321994648073,0.12666020401930922
0.16578191996881997,0.1979201055096008,0.1734748981764796,0.13355223037240707,0.20869451050039997,0.12057633547229238
0.16995606097721427,0.20335844669942277,0.15150080345595285,0.22013535040355012,0.14179587515787712,0.11325346330598289
0.12764098779115193,0.10820558813290307,0.16701276638274445,0.11620998057479723,0.3145750175537499,0.1663556595646533
0.2614752041298757,0.13824334049815162,0.13474355439762892,0.13886307290911526,0.2215403192030988,0.10513450886212974
0.15969886974368075,0.11015591581499817,0.1677995018455009,0.13123972414702625,0.20186933797573564,0.2292366504730583
0.1796908546219493,0.2131224160409791,0.11870100415474583,0.09854056382157171,0.2689203605574725,0.1210248008032816
0.10012600207547787,0.14138769080251984,0.2624982632928564,0.16351015882727357,0.16825180941848397,0.16422607558338842
0.16957977196497231,0.12454482534528362,0.16885349229593066,0.1220057678725226,0.2367208665634878,0.17829527595780312
0.1450174083513869,0.18605427140510195,0.20655526178543931,0.16553351912050232,0.1433882103926256,0.15345132894494393
0.31663963937369594,0.11795315624790972,0.13960964734404027,0.12600933149818877,0.11440295155994598,0.18538527397621934
0.12512920156521232,0.08987754304751115,0.18926694203028324,0.1628124996770773,0.19744890149223635,0.23546491218767976
0.17160045303387822,0.0865442020568721,0.10083481258619062,0.09162784929279051,0.17571840950297918,0.37367427352728927
0.1751517533885809,0.14941101166355641,0.184209234264741,0.16920397392897032,0.1560816173274592,0.16594240942669217
0.10860737644632099,0.1276794627745935,0.15379869646823097,0.14749332136214113,0.11762562305406594,0.3447955198946474
0.1358448154663213,0.10005860487516494,0.12745194616497155,0.12871703987035732,0.08289474908241162,0.42503284454077334
0.08825850184433574,0.16225387215695586,0.13449639249634696,0.19355010329895633,0.1425748520671612,0.27886627813624393
0.2742301956623639,0.2611016742113212,0.11143228927318838,0.11982783538359133,0.10879850819625041,0.1246094972732847
0.14010479217099475,0.12803974997095094,0.3513800987264654,0.1234708154619127,0.1422117318269679,0.11479281184270815
0.13870788173008716,0.410338668437695,0.0924199786552326,0.14105468759341855,0.13081950367357117,0.08665927990999572
0.1444759248635614,0.1562521430715401,0.17410237925251895,0.140381095860707,0.1575396597816819,0.22724879716999066
0.18112232418790516,0.2039683107640332,0.12798048544543364,0.15675283118006147,0.12644301729914745,0.20373303112341906
0.12213732695469844,0.21649082213655527,0.1375255032166647,0.16254673814775544,0.18537945706126552,0.17592015248306056
0.23906617237666505,0.14608597777286578,0.14480786102795076,0.18088711341091665,0.15206665687650672,0.13708621853509512
0.25430107858396084,0.13753197422344557,0.12925467887305025,0.18688473114543852,0.15993476572925258,0.13209277144485201
0.18347508073315016,0.2629192980940516,0.12529930421445695,0.11612612227747728,0.1887444479715044,0.12343574670935968
0.1316888592455691,0.11710437739590963,0.2611677388552571,0.11881935467758507,0.15543251089109636,0.21578715893458275
0.5726038658015681,0.08085160910094377,0.07448879420485306,0.09588312141000005,0.09143100827423022,0.08474160120840495
0.1766556859234335,0.09826612629947842,0.29646332549612264,0.11037618140734268,0.17958624944016335,0.13865243143345937
0.18673478982491287,0.12223958918804062,0.22891183940508544,0.1518019705361083,0.1470161617305782,0.16329564931527463
0.1925264745638186,0.1406720969302092,0.13337267665243566,0.1604245878105188,0.25980674935316334,0.11319741468985424
0.21787698255444338,0.14168010228358247,0.13927200806799436,0.19912389832897168,0.17095988859462932,0.13108712017037885
0.1994871808113744,0.1570583966999566,0.25931872904799547,0.12691574145497947,0.13845983431672754,0.1187601176689665
0.32325250430563984,0.13735597328486157,0.14375001700761195,0.16510811046121493,0.1119474995847385,0.11858589535593339
0.28418081281630553,0.18847462659669859,0.19366019607219762,0.11138740833878841,0.11836690277383541,0.10393005340217462
0.15069735941228124,0.12272315813509437,0.14213545468735628,0.12965384981388567,0.2522124573510165,0.20257772060036588
0.13159037671371976,0.2509556723296482,0.16663908509789338,0.15450799319809558,0.18499406635714757,0.11131280630349559
0.12496088814934248,0.32219574982856625,0.13446442333928782,0.11307789985358015,0.22007779469861508,0.08522324413060825
0.18233071142649396,0.12600086591062803,0.24060264368007026,0.16655401735700023,0.16474784457590072,0.11976391704990687
0.10877331619701765,0.23494262223900325,0.15451488999356508,0.2264450363353308,0.14148842684943347,0.13383570838564995
0.12973261343444603,0.11125017035527861,0.16708190366672165,0.22973619326239614,0.23518409753481728,0.12701502174634002
0.1306089793694117,0.13963851696495716,0.21621652949298534,0.15512240703686675,0.18292000446198456,0.1754935626737944
0.1319090671239763,0.1718176815964381,0.13150166487352052,0.1845047373943229,0.15409637028851428,0.2261704787232279
0.1465560035669169,0.12576869378373712,0.1650819042065053,0.1378039751998332,0.29179268767697525,0.13299673556603228
0.14718989297778864,0.2339511514885547,0.1822421280840554,0.12211624426307874,0.16838418366295385,0.14611639952356867
0.1195012247909283,0.1471381636465268,0.17457664779093351,0.19018291715017122,0.24970902288320965,0.11889202373823039
0.12082283459741712,0.21497991448646697,0.14797756884065832,0.2755874915806519,0.13267581299344722,0.10795637750135842
0.17367009313410822,0.10107600684640286,0.17284536197192912,0.28918212205701616,0.15345726823337957,0.10976914775716395
0.1407468099901265,0.18564360331832347,0.21472706297328953,0.15012747596909032,0.15647405802915051,0.15228098972001977
0.16740084357417187,0.175807353903199,0.15900782170555286,0.21803789926436298,0.15884924945731296,0.12089683209540039
0.15800088144419597,0.13310608878327945,0.1386946410717175,0.13115166764640748,0.15531689870067075,0.2837298223537288
0.16159825121688717,0.0924473431332602,0.12952203950419758,0.2898776950084197,0.14620640872315907,0.18034826241407634
0.10997155608498574,0.1897647081123504,0.19591309657342296,0.19526318503824272,0.1421464880894487,0.16694096610154957
0.13641771607095893,0.2283335454281828,0.13732791338523595,0.14517831604105266,0.12431166810152651,0.22843084097304303
0.22692425709274197,0.21274519318849525,0.13741400843870782,0.15355449664107318,0.15262446541761784,0.11673757922136384
0.15116730998436836,0.18757200532874393,0.1296895244075749,0.17872844117068534,0.1851279710020744,0.16771474810655312
0.2254472627294657,0.1837342160495346,0.22886948371535376,0.0870863664113345,0.18172649967186702,0.09313617142244439
0.2180910695578209,0.19856217062434833,0.15664363690392863,0.1710442298584603,0.131250888025959,0.12440800502948264
0.1453513594062974,0.08624651427091683,0.24228671496249293,0.21712497405111222,0.19394379566633926,0.11504664164284117
0.12547561447506,0.22566936811842397,0.19390687713665344,0.14272224070684109,0.19930531273811697,0.11292058682490462
0.09221710370593532,0.12929242789968512,0.37797611569622924,0.11853911605134392,0.17445140323712555,0.1075238334096807
0.11508847845050824,0.18492605199478193,0.2567231218367401,0.12864110525091826,0.15269324973826906,0.1619279927287823
0.16422206495069394,0.19256983272448616,0.11577959490235205,0.18425907252344628,0.15361857808171814,0.18955085681730327
0.2226585503376088,0.11253828778456415,0.0944916781502186,0.3149710928433505,0.12680348723887072,0.12853690364538733
0.09681498298087009,0.10991734285939392,0.11687266048505215,0.1264331377549612,0.09916028071939592,0.45080159520032675
0.20202825575080352,0.23347062276514216,0.10628210987146842,0.1593379607422289,0.12911616266757775,0.1697648882027793
0.13853409788038892,0.13176673761959498,0.1194720445297481,0.20225349597047668,0.2572295652219103,0.15074405877788105
0.12813507124158094,0.1224464397579235,0.13245452415412537,0.14739913187292086,0.18155666070942741,0.2880081722640218
0.14372073460610643,0.11172675330997155,0.10067747020181643,0.1668512687501834,0.11385691929903256,0.3631668538328897
0.10298546280227078,0.1583841815542576,0.22585980856789808,0.10365526821387995,0.14693224650392994,0.26218303235776363
0.0842616853642574,0.0813222981442398,0.11522620601031225,0.09299046315209408,0.14507816373181914,0.4811211835972774
0.16006703545439063,0.1732892400540676,0.19800945120185967,0.16175670028210357,0.11992834967379809,0.18694922333378047
0.17861661795251596,0.1791856285094889,0.2217692083295737,0.14461215859118018,0.17751842701288498,0.09829795960435644
0.1302505260800656,0.2617292987239959,0.14037410607039388,0.22652468589947275,0.1234655029410728,0.11765588028499907
0.1925421774280107,0.2070459571858117,0.14171089638490375,0.1240628661952385,0.17439447642971262,0.1602436263763226
0.0988689409308509,0.19647242433768625,0.2609412502156959,0.14023870186435378,0.19057809155620986,0.11290059109520312
0.17536012224274497,0.1262436321164405,0.21092923335778999,0.13321275512992642,0.19178292344159156,0.16247133371150643
0.14429641900722923,0.12971734899274495,0.24020304423242803,0.1416893352067553,0.12244390141513366,0.22164995114570898
0.14238045217739437,0.1789825094621723,0.23314852763491253,0.1591136126414185,0.13438714147228795,0.15198775661181435
0.21162438953749693,0.22485945677652833,0.16024140654131572,0.12979032939508325,0.17979048912535894,0.09369392862421669
0.1434760984546069,0.2588769001872133,0.13914590804875268,0.16646835061567067,0.16495219755100285,0.12708054514275338
0.25979806492634316,0.1834969975555476,0.1053067989068046,0.1554049589387421,0.2099761938328679,0.08601698583969467
0.179980073248712,0.17425820744505657,0.12922886578811305,0.14359122903349122,0.19727600939585166,0.1756656150887754
0.17278133622150701,0.217411615268592,0.16751356861577504,0.15649839911291158,0.16952654338167675,0.11626853739953776
0.17522748948868289,0.1980001306412472,0.157532305639031,0.12490798609521424,0.1743185169577567,0.17001357117806806
0.10927604638601288,0.07903784540078514,0.09989035364809375,0.09716744068406871,0.09809304317720592,0.5165352707038336
0.11607098129470425,0.14827573849726963,0.2833792034153747,0.1298945059212256,0.1366011444575401,0.1857784264138856
0.1359681214337251,0.09715134689198666,0.15807803422347938,0.09661298569387289,0.4181984097877214,0.09399110196921459
0.14037521457251526,0.13638048273457745,0.24659087850085343,0.12175192614490674,0.1898723926747272,0.16502910537242
0.10206815277082326,0.21228273846241993,0.11956455524139381,0.19722338100873524,0.14029283765886655,0.22856833485776135
0.113904660215006,0.25204284685848205,0.1270209048644528,0.13454161449569416,0.1375473014584534,0.23494267210791167
0.10825332108296568,0.1580953723340684,0.2589612153400825,0.10011789613798812,0.2890071047426445,0.08556509036225075
0.17274706126452963,0.10819189300237152,0.1329751577293559,0.22159980619420652,0.185566492336212,0.17891958947332456
0.14610598959702356,0.13141251780405425,0.2389180295994355,0.13286680728200403,0.2626793584767744,0.08801729724070825
0.15915450379569396,0.1758680824313785,0.23138313264751711,0.1262810462301464,0.19211098931522086,0.11520224558004331
0.11448342034817015,0.17386463007369302,0.21439922042730108,0.15576136801565355,0.19288415438614467,0.14860720674903746
0.11874428204409218,0.2089797450409898,0.1273853212727999,0.16194779913543902,0.18829306813796107,0.194649784368718
0.1922311221487254,0.2500220938342335,0.19101546817222886,0.1527368485451347,0.12711101421063406,0.08688345308904376
0.11129991522873497,0.21071323601296796,0.19900458542195798,0.13505204318576594,0.19335330573360343,0.15057691441696974
0.14713213274827308,0.22405482420151823,0.10619466081448656,0.13685929397199875,0.2736924380726516,0.1120666501910717
0.1412707978567099,0.15952214566453057,0.20415836193297965,0.1797890627748529,0.18057622599336204,0.13468340577756477
0.12578523922634166,0.3171228360320024,0.11927115886739732,0.15227001525072997,0.18079195678050017,0.10475879384302836
0.15275732723364044,0.1146682781930851,0.14296964765352768,0.14900815371907483,0.2507998167724028,0.1897967764282691
0.11593641678165527,0.1834427538906389,0.22893551502082143,0.13168888699268377,0.2515544989526633,0.08844192836153733
0.11402192776531019,0.09743035395885717,0.2921072122223431,0.09782019804600445,0.2182117362048039,0.18040857180268124
0.3134128346346943,0.15124894680877984,0.13481491306828575,0.14185993231529176,0.14878271675863855,0.10988065641430984
0.23130749442503243,0.12545554195616324,0.1923994738500523,0.15486076050960737,0.20025447820017966,0.09572225105896494
0.2702993566022723,0.18441431164750782,0.12652143921254297,0.11670603109950177,0.14450098800820846,0.15755787342996666
0.16789973147393827,0.18598970404208484,0.2172535862561414,0.1259911051145742,0.18632915623717078,0.11653671687609034
0.19152018296846346,0.105791407938957,0.12393691505802977,0.17579390431480008,0.18622797804135371,0.21672961167839605
0.14303133490653308,0.15888510827878705,0.18708957404042545,0.1745965516704973,0.20566799964516097,0.1307294314585964
0.12226405827773941,0.16650247076901634,0.14559271170807822,0.17088135122381357,0.2792388040338507,0.11552060398750183
0.16242442594780218,0.2399151125393213,0.14805816527142204,0.11964402664439405,0.1374047815673332,0.19255348802972724
0.13624948790950944,0.19010299543274362,0.24211388679744886,0.19712826771803585,0.1055565282559994,0.12884883388626295
0.3341820572512101,0.11852556398346487,0.12134551742004336,0.118223669364249,0.15572589145054896,0.15199730053048383
0.24301030763854167,0.12350292659360475,0.17742287450573113,0.15770653363431242,0.1867583168796772,0.11159904074813279
0.12412685966369882,0.27226641886574526,0.09988044794827361,0.10688124429598743,0.18336647666720626,0.2134785525590884
0.15980830406823132,0.13645131981455863,0.1691121707284451,0.19815806275331316,0.1993589019003032,0.1371112407351485
0.20559386381711586,0.2600026036161936,0.11472155075333813,0.14515640465492427,0.10486163442318647,0.1696639427352419
0.14173767693273998,0.11351881733900376,0.22316650782880593,0.21899743241160602,0.15330093344466936,0.14927863204317482
0.12951896522480819,0.1837055108529128,0.1438528332005869,0.13718997889448878,0.20714244287354877,0.19859026895365453
0.127916118000177,0.21910478998211771,0.10113673546785296,0.13577174399472938,0.15803031612357807,0.2580402964315449
0.11265186037005982,0.1447498483252433,0.14819986337020877,0.1161426601678826,0.1433385209638378,0.3349172468027678
0.22912772151216448,0.18954424842367312,0.12230462143173339,0.1648456997611505,0.18385282753573948,0.11032488133553871
0.10587270497194269,0.17683316525610554,0.2103745164392652,0.17561354641082738,0.148996219905658,0.18230984701620104
0.15590702013132127,0.13651811154656518,0.17005286430886649,0.1371047285828371,0.23704048791297733,0.16337678751743262
0.17309791524395368,0.09389042685943083,0.14121208765271406,0.2559255462056328,0.12941575769800667,0.20645826634026188
0.2658173363270181,0.16144047518974275,0.10444501600742022,0.15673557339147587,0.13289973464879803,0.17866186443554496
0.17644814889974797,0.1792488562547592,0.22778583240195346,0.15206235253657727,0.15490407253735852,0.10955073736960336
0.1587648579861407,0.1778338331168999,0.14329870588808066,0.1732748065024144,0.18815402791053068,0.15867376859593385
0.1946419006145995,0.21329629310332612,0.12250737698769451,0.1732144395161838,0.15458337627719615,0.1417566135009998
0.15429007136876502,0.14661212096139237,0.13472272675058097,0.19057954250019105,0.20543324748533212,0.16836229093373836
0.12743040713745485,0.18831439931851338,0.19953611497046989,0.15189669758218605,0.11624368485674595,0.21657869613462988
0.10710994294794794,0.13149778333799372,0.21142337158326377,0.1468546194449651,0.17626904196777912,0.2268452407180501
0.13003146309804944,0.1957386126334616,0.16844808568632091,0.161355618134346,0.22835893713242772,0.11606728331539425
0.1908956833964287,0.1470386362389645,0.13618944699645458,0.18022064358530926,0.14552566778339965,0.20012992199944335
0.2098535671464402,0.12462475183592724,0.2145676576252893,0.1467592549628056,0.14110666091413834,0.1630881075153994
0.23922236451807768,0.19075835782977563,0.12307037089681873,0.18334098924195488,0.13926100613624007,0.12434691137713277
0.17783329254192282,0.18511350261685539,0.1492502420848589,0.16834937817501205,0.18267031033771416,0.13678327424363665
0.15979991080479167,0.20563051221902853,0.13248068151793754,0.18226378720819375,0.16714035534511526,0.15268475290493325
0.2282437169912693,0.12435163867444601,0.13225370543331394,0.21837901778499874,0.17529837892194378,0.12147354219402802
0.13982238170138894,0.15549147240984504,0.12589305621069724,0.18888698782779056,0.11921908628303839,0.27068701556723984
0.25490675100184707,0.15199464932760148,0.1262024093631694,0.18878560509713138,0.13072226538594967,0.14738831982430095
0.3121760849752835,0.20478967153497216,0.09999871559331694,0.15620567649186812,0.14898442770390305,0.07784542370065618
0.14757344358378777,0.30923180590073623,0.1300475141919253,0.14681441614484664,0.15605987453125172,0.1102729456474525
0.11259496705164194,0.3499338249536952,0.16177189364657865,0.12763045804302028,0.14113587679038975,0.10693297951467404
0.30372258756554754,0.11261150758063898,0.12637261935772623,0.10902861387922717,0.24498444432893562,0.10328022728792462
0.12885567402318798,0.19522274230830486,0.15393034317929583,0.18287579349026736,0.2080932722199146,0.13102217477902942
0.16240453124484813,0.13822878428887778,0.2037997608386169,0.12995926522207332,0.2193482026508872,0.14625945575469676
0.1947264462440005,0.22432434624118353,0.17977054552787947,0.11374083498423632,0.18535856411382898,0.10207926288887142
0.19994375657754307,0.2080590556618784,0.12639164699199376,0.13967394318956305,0.11247604409327047,0.21345555348575107
0.14734962530246756,0.21838041773375258,0.18234741455398717,0.1438065873349368,0.20622236212624903,0.10189359294860663
0.18063169200350748,0.15158194766965166,0.14458516216895126,0.12524082330366929,0.24702387508743961,0.15093649976678084
0.12614147034784956,0.13072841636758825,0.17006727492053159,0.10201354933901682,0.28305486951992037,0.18799441950509344
0.09803702872535723,0.18547595828944366,0.37332613742235704,0.09870238070316326,0.1527884420160247,0.09167005284365415
0.1615580977183198,0.1741102392213992,0.12751975762611162,0.11474851998594944,0.19626427241642277,0.22579911303179737
0.12392239579488507,0.2519444856530447,0.14654355991134577,0.11172384995282794,0.1710013232192364,0.1948643854686601
0.1997772243780039,0.12015734433724472,0.17719622146847136,0.1324536706240238,0.2527407952173721,0.11767474397488414
0.15883804647987881,0.1455940184564676,0.1415944438143264,0.13121523921589884,0.26584830016776834,0.15690995186566006
0.11827958540286021,0.15471145693005278,0.21928877265547184,0.11267212930299735,0.2827580150250883,0.11229004068352955
0.11515626272999535,0.2476306132497099,0.2668896596136518,0.10503605235268147,0.17223953991127908,0.09304787214268236
0.280816473914226,0.14898620547338684,0.18422790572549463,0.17145285338124033,0.12530896217644474,0.08920759932920741
0.2560467203422252,0.14559108866682394,0.151342710595713,0.14632533726356606,0.14636764583838563,0.1543264972932862
0.16696751491896955,0.15854796564713222,0.2114207222103948,0.12006815179244087,0.21707249900307016,0.12592314642799252
0.12707584422265258,0.3905698261602192,0.12292619215415337,0.1177675574006473,0.12785873986749732,0.11380184019483006
0.13754048711278563,0.16992478835770605,0.19335121611182302,0.2150273382089258,0.17193830495293821,0.11221786525582111
0.15073720300634294,0.34666719779081656,0.17481255776678015,0.10037672947749644,0.14578713113520267,0.08161918082336134
0.1465906736635143,0.3614316876723612,0.11268243343401643,0.11669527733323685,0.1483399877390442,0.11425994015782706
0.15974200429478325,0.18525664549326906,0.13465449233974572,0.1669174856842906,0.16014566546540046,0.1932837067225109
0.29303364257175035,0.17647494023521731,0.12631436639464372,0.13628272421142001,0.1764466146402611,0.09144771194670748
0.1161645343110517,0.3041694088029561,0.12426703941104926,0.1911631893184525,0.14469582126392977,0.1195400068925607
0.10418357265277653,0.14038279830776143,0.2360801681982713,0.2874825330631865,0.10764213324586648,0.12422879453213788
0.22177033430301135,0.14802515157520435,0.1507042201169433,0.14348366151051567,0.1644002407494427,0.17161639174488283
0.1305002167044477,0.10907117340967046,0.257146414976586,0.2272547332665766,0.10937586551154814,0.16665159613117103
0.13920315733212102,0.12613995374883638,0.15358426873673275,0.1939173307356724,0.16338546341447938,0.22376982603215798
0.1800500752816766,0.11202504492265775,0.13282399165935577,0.17055854475275814,0.19112558200662488,0.2134167613769268
0.11997238535405316,0.2210020417606733,0.19101936220417892,0.16905271117395487,0.10920635487457599,0.18974714463256362
0.10135532160770559,0.1813357968374623,0.19236772490480836,0.20298995473157136,0.2037583189629356,0.11819288295551654
0.1774586864517367,0.3033703168231442,0.1324947506290927,0.1358434579909735,0.11690280927704352,0.13392997882800953
0.15847686493960295,0.13461044966990604,0.24715602762805478,0.15808847763290107,0.18390342069174676,0.11776475943778822
0.14467010757883667,0.14131274377058803,0.1877007641160529,0.23138443902419029,0.17871381935601896,0.11621812615431337
0.10500342435015081,0.17015337504755448,0.19661240696330384,0.18034098495579984,0.17645409867090586,0.17143571001228528
0.3098109426975714,0.21602640091567288,0.11042420450573177,0.18372272978793575,0.10127172307544181,0.07874399901764627
0.12252352274505952,0.37548885631250367,0.12197055609539147,0.13585726865873154,0.1449680694230875,0.09919172676522639
0.18678929513616574,0.11666439547368772,0.18699781329638582,0.19926351879811188,0.14670898198035998,0.16357599531528894
0.1826798677999494,0.1139513989167956,0.1280005657900722,0.2871755263631234,0.13723623567766657,0.15095640545239297
0.18052763711317735,0.1550853208401449,0.15620105124531675,0.18501748570961302,0.1598282664178732,0.1633402386738747
0.22440460479915159,0.13110490185677964,0.16392700874503954,0.14460308161816657,0.1772066163634757,0.15875378661738684
0.13081052401991794,0.19189201446896198,0.1448428841047867,0.1807107654290045,0.14510131427675357,0.2066424977005752
0.1192806835026212,0.14330995830854515,0.13781410492607807,0.15605369935756863,0.1314601866905936,0.31208136721459345
0.13901065202825888,0.13602535843724028,0.1290705843843723,0.16877882329306437,0.23352383415121505,0.19359074770584897
0.11091571116896072,0.14000939063540932,0.16655388665844184,0.16608682093964547,0.1892463687422517,0.22718782185529088
0.17432884425844067,0.14185415715565586,0.1352386785862141,0.17095100276016886,0.1717018596048533,0.20592545763466716
0.14903256345674204,0.12271067118171117,0.12376982632819272,0.16853758125382431,0.2287664291440396,0.2071829286354901
0.28944489453163036,0.1270239210941895,0.1186260291722852,0.13553267319381232,0.20211999824076338,0.12725248376731949
0.178011453857898,0.14897181166042292,0.12577521275868891,0.23613031088138992,0.14504960812199977,0.16606160271960047
0.11299457952055,0.10559457188845606,0.13130453046081703,0.19488895753848243,0.23516277121490725,0.22005458937678724
0.1129464748493213,0.11017044604325196,0.2048486076724248,0.20302968070149074,0.27008291851640537,0.09892187221710576
0.17917034850792915,0.26446655432651406,0.12344351206027468,0.16302146166617934,0.13055990857656558,0.13933821486253717
0.14441266517439158,0.15517453760916386,0.19214884450870312,0.19346778826115077,0.1610337367573377,0.15376242768925286
0.19514201798777864,0.14758627110346287,0.18654142669740534,0.13456113848606419,0.18344007974793508,0.15272906597735397
0.4732175778280667,0.135113421520922,0.11580632883660368,0.10762482105069301,0.0935232408977649,0.07471460986594984
0.14476949165364153,0.14972670735435284,0.2190783824012197,0.12262444330658204,0.13662629616315328,0.2271746791210506
0.2103089577140925,0.20961384269096353,0.15424730832195505,0.12988054258074522,0.1799984172100392,0.11595093148220464
0.19472628620188956,0.14824948927306392,0.201677020798752,0.1430478732288929,0.2062438074756325,0.10605552302176911
0.19442471399430805,0.15711088721727134,0.18710049277577506,0.175417491286811,0.1332781834519478,0.15266823127388693
0.21475984303450882,0.22428308377085296,0.15294797226383572,0.13976954270317354,0.13838746562615054,0.12985209260147823
0.24220760578351191,0.11311700189535007,0.2617981778338567,0.1440507274604797,0.1341495256930561,0.10467696133374561
0.23209649672913552,0.15717091665252375,0.18042991827280316,0.1912774050906754,0.13863208847215172,0.1003931747827102
0.308191872283774,0.1264811316545337,0.19316614146766495,0.14988749669169782,0.10665770302048679,0.1156156548818428
0.28193066666990896,0.09872518231916291,0.24250604428691944,0.126865796864393,0.12545376972956385,0.12451854013005166
0.15719055643977212,0.32755721679666505,0.10307035771525559,0.11807087364290829,0.2048892718879918,0.08922172351740724
0.10011475656003728,0.3731802256434051,0.13179260142925855,0.08823198367709896,0.22654207648395017,0.08013835620624997
0.15747562215142913,0.21008974711126263,0.16127362249175625,0.15005618458176673,0.17337980784923615,0.1477250158145492
0.1674135297014868,0.16606670973650936,0.10045401258215794,0.13280821354541317,0.31149697804877,0.12176055638566279
0.19758144615867143,0.21091988884643637,0.0764558782540367,0.2098579369091865,0.1777440257383355,0.12744082409333365
0.1294821041443532,0.09375964766057061,0.14714442330444508,0.1250084237459239,0.350403720252601,0.15420168089210617
0.20088883494293847,0.1122606353674006,0.11513957232520751,0.17481353682466289,0.22235285094664578,0.1745445695931449
0.1754464586871945,0.1473137055718104,0.1173247825536077,0.1416330291378839,0.207934584569344,0.2103474394801594
0.1330614476020135,0.18409939462494518,0.11118694286894219,0.19432466872389426,0.13913970479023163,0.23818784138997331
0.17436374460844442,0.09085778700605682,0.12327146201949334,0.19970954666270954,0.24486309328371017,0.16693436641958562
0.20204653456637206,0.1405730463337614,0.10149463716677305,0.17811503387455804,0.16095298181936923,0.2168177662391662
0.10048475262189928,0.13300564145057078,0.22112241593647175,0.12774478790029326,0.3073668565864645,0.1102755455043004
0.11914573516177836,0.2619282746974689,0.1333157940295303,0.13932482047849026,0.1944455669152855,0.15183980871744662
0.16822376988931276,0.2722380062237423,0.10462121987943487,0.14838139741561562,0.1678439520499535,0.13869165454194093
0.18242677879766594,0.1580098729514273,0.11491855428785976,0.11037719645481255,0.24047641219303534,0.19379118531519932
0.18966411121701648,0.15684263628636952,0.13803261236932857,0.13922894157488386,0.2213648923153728,0.15486680623702875
0.28357981516221015,0.10004690317240268,0.11654778474528667,0.19289333723833513,0.12031998423776355,0.1866121754440018
0.19913235497778223,0.11614093249232557,0.1453903602885383,0.20149489751788982,0.1459624159926323,0.1918790387308317
0.11133432897031734,0.30709304720219566,0.17239501825185258,0.12896709559882868,0.1530414559549906,0.12716905402181522
0.1520024949896237,0.11121415164195252,0.10141195233458936,0.23572048102644982,0.10755234715992953,0.29209857284745516
0.10490980374263736,0.1314699117890281,0.258876685035901,0.1305079972799789,0.2706305505842202,0.10360505156823432
0.13533436273278082,0.16518382817099359,0.12790943547640576,0.22999647248106483,0.1383709331409577,0.2032049679977974
0.16866901498067918,0.14114599469451064,0.1471276291330375,0.2224005101016098,0.14794286422980255,0.17271398686036019
0.14122054589000343,0.1095596125713377,0.22598782046472307,0.25414575392717736,0.14255844305020238,0.12652782409655589
0.1421426516243241,0.110409162670184,0.14797915263830136,0.14276915298286133,0.1397618419532325,0.3169380381310968
0.14986884783546636,0.1853279097736535,0.1320569535862149,0.31816662981745103,0.09864604686135715,0.1159336121258571
0.11737444552677324,0.24463582176391324,0.13072255738467656,0.2647227488172279,0.11824116239046119,0.12430326411694816
0.1417167880547616,0.1212803389222908,0.29834851436898496,0.17498156183755711,0.1313530665146388,0.13231973030176677
0.11916158154621453,0.12211554498448317,0.24755082121412547,0.12671605045084022,0.260411336634394,0.12404466516994246
0.44232343709710964,0.11814733161814636,0.12692922952399233,0.13674512409863845,0.098223751665602,0.0776311259965111
0.11870548185895713,0.11444885536877861,0.13168420968056554,0.23282216962297353,0.24600075864040447,0.15633852482832053
0.2595843818645411,0.15601340159510665,0.14887507744012235,0.13315457566666608,0.18519820058843955,0.11717436284512406
0.17465452556502867,0.12519547783404036,0.19607797811505376,0.23397373752384987,0.13103977429351527,0.1390585066685121
0.1686040499705449,0.10209008462924751,0.2156209795007404,0.14205063440754032,0.1903805946985677,0.18125365679335914
0.13844564813509058,0.1928416673413875,0.17147148021693043,0.11744120595019193,0.2503329124305097,0.12946708592589012
0.20838444556061464,0.1754402232804844,0.1716962562859527,0.13803065313886667,0.18642137846566126,0.12002704326842027
0.15531520795621825,0.20358991179627423,0.2564415893469765,0.1380073510784853,0.14169567615246587,0.10495026366958018
0.13732705639362727,0.13691150797417118,0.35441342946008236,0.0969591163870862,0.1911879346020232,0.08320095518300957
0.1975175068774334,0.15153513179452385,0.14241597443481516,0.11047423614422254,0.28995816275784303,0.1080989879911621
0.1736640094998818,0.20397714911596151,0.15910608515752975,0.11206606494689375,0.2013913553187139,0.1497953359610193
0.1592455435301831,0.25776962882684595,0.11388177479825408,0.12367675293756712,0.2242350580886677,0.12119124181848184
0.16345796265013968,0.13519025256433667,0.1797753785585166,0.16282558993274976,0.1948037032481678,0.16394711304608958
0.09997303951513269,0.26793087110883756,0.30772459722493706,0.10446558426834093,0.12870613929310226,0.09119976858964944
0.13756917211323688,0.1588976926326134,0.23197941632151403,0.1518084450731142,0.12975935553342702,0.18998591832609427
0.15424222668207643,0.14951838456176975,0.17436055035272519,0.1097489470601954,0.2108120221833546,0.20131786915987868
0.11444490710843809,0.1926733330341583,0.1424678707094792,0.17818588225396295,0.26210911871827475,0.1101188881756867
0.2167141749466635,0.195307441345312,0.15162740254133866,0.12841167842010962,0.1982594946798449,0.10967980806673153
0.13131627977077703,0.19714181260227817,0.2523455455780476,0.10810933149414963,0.17234905910764933,0.13873797144709832
0.19794308453927564,0.1812529114848414,0.17896096001271544,0.1826794173833444,0.14760581811228504,0.1115578084675382
0.20407274525204228,0.16955191636737668,0.12052079783124534,0.15128010969279052,0.15148841360044255,0.20308601725610279
0.14337107146507294,0.1890357409662044,0.13518658871490616,0.11947486406897598,0.2732961130198051,0.13963562176503538
0.13174768555979793,0.20085805784383368,0.2627257121913811,0.14981242556342228,0.1285290891762756,0.12632702966528953
0.3340952263644681,0.1331736524197622,0.13963092916876063,0.12409393103744715,0.13958516736817195,0.1294210936413898
0.1540411720138717,0.20760292974923675,0.16500818604113632,0.14279849495324098,0.17757461433719784,0.15297460290531642
0.17827425274707473,0.14036624634900807,0.16652732856757999,0.18615366117842033,0.14336186737567214,0.18531664378224483
0.16339658019852712,0.13285210193687758,0.19580664750354834,0.14664328567158358,0.21681520918241737,0.14448617550704612
0.15176043016422336,0.21645361725909937,0.1453200074532803,0.19659639312085056,0.17673384862962155,0.11313570337292496
0.13632489457615696,0.22676672817889199,0.1787619250872231,0.13732116332144492,0.1822310098379707,0.13859427899831253
0.24194069025382575,0.1659848191513258,0.21608214231588202,0.13669223893110716,0.12391656017972612,0.115383549168133
0.11477345811943934,0.1923457688023194,0.18585445496162592,0.1660275092355128,0.13712831989659352,0.203870488984509
0.14161488656936166,0.177394191507133,0.21360433521661534,0.11613559152710169,0.18658968733038397,0.16466130784940433
0.12700212318547927,0.1316088593856218,0.15479163798949414,0.16281288703632554,0.23886697380901936,0.18491751859406008
