t_1,t_2,t_3,t_4
0.20193881959088308,0.16201639841124182,0.21641133082330238,0.41963345117457274
0.23429042332581476,0.32989120927418036,0.2181687381024034,0.21764962929760157
0.28477667353572805,0.23182932450482385,0.24516078898795168,0.2382332129714963
0.23461435948604728,0.17733305634642962,0.20396692336272804,0.38408566080479506
0.2213386086080672,0.18489242333615802,0.21459895508595353,0.3791700129698214
0.1979945971249715,0.17115610386396032,0.1928375134177842,0.43801178559328396
0.17681788760060207,0.19854193768269057,0.2333144020496163,0.39132577266709107
0.1957134965901075,0.25267529458539106,0.30195150651430513,0.24965970231019627
0.25001706119651906,0.2810690408016368,0.2410918010410771,0.2278220969607669
0.2415833109392837,0.17436495943999272,0.23655517616120889,0.34749655345951463
0.30071699651175565,0.22755720919457872,0.25958880126774014,0.21213699302592534
0.23956451314625912,0.25716751387410763,0.18330905032032077,0.3199589226593125
0.309549082537401,0.2759345647172153,0.18152342356914472,0.23299292917623898
0.24659350354766585,0.22122361117850262,0.2476822508408712,0.2845006344329603
0.35721720984453953,0.24119453506047706,0.2050989061535083,0.19648934894147518
0.3824393864967001,0.271197184708211,0.16159032699091777,0.1847731018041712
0.27479121639187376,0.21210167624968604,0.24820162946096058,0.26490547789747954
0.21129056003410432,0.386221956026908,0.1703993243630726,0.232088159575915
0.3074775036132212,0.23263216069563225,0.2210133454644666,0.23887699022668002
0.2436113133610928,0.3129371336948534,0.200766483005396,0.2426850699386577
0.27585921088780985,0.26007849731924376,0.21161678547160032,0.2524455063213461
0.265869487703224,0.32456561374303555,0.18887856793868063,0.22068633061505996
0.26438464455103283,0.2920974819388927,0.24346789730334398,0.20004997620673065
0.2888593339470303,0.2566983350018941,0.2704369461221104,0.1840053849289653
0.2686599712187812,0.2512343601999817,0.21792909934796983,0.2621765692332673
0.2144892790114922,0.32829328273132147,0.20229844016097526,0.2549189980962111
0.32714584161208604,0.22492298869686234,0.21968118949852714,0.2282499801925246
0.2604909907289322,0.21439101774108238,0.2537835882038838,0.2713344033261017
0.32361839414819804,0.21738855496953174,0.1995066628552907,0.2594863880269796
0.26211833294917225,0.32772351425101526,0.22082683725786484,0.18933131554194757
0.272581081352196,0.2621056921160414,0.24672497357767093,0.21858825295409148
0.26922206781756897,0.28973447020753273,0.25180621830870104,0.18923724366619726
0.2544313452265986,0.25514910270164404,0.22030278729971534,0.27011676477204216
0.28142505123760647,0.19658698376158498,0.22536170041618822,0.2966262645846205
0.2624242361587014,0.20764685704485858,0.25961717057827854,0.2703117362181614
0.3057703299294069,0.3374495717637809,0.1780361952774981,0.17874390302931417
0.2384898077123463,0.337540155933238,0.24771288836822059,0.17625714798619507
0.28130790942048256,0.20920355707854632,0.23297808455373994,0.27651044894723115
0.22715185147442965,0.22441796384690268,0.2964903124246285,0.2519398722540393
0.22224693795361836,0.3984138196865039,0.20001075242656377,0.17932848993331396
0.22479987329220014,0.29909113121066083,0.26098438796054496,0.21512460753659404
0.21460604893666185,0.2462151031837147,0.25618929956110653,0.28298954831851697
0.22660263943708048,0.20211843115477107,0.3531205264745979,0.21815840293355046
0.22905201632143332,0.282956637759369,0.3056999223819133,0.18229142353728434
0.22350203772033064,0.26593538442291126,0.25102204534274686,0.2595405325140113
0.21950895964421105,0.36453820358519745,0.24665704196057708,0.16929579481001447
0.26479060885344746,0.3446898236554728,0.2002475247597556,0.19027204273132417
0.2183399007986901,0.22273232316538902,0.28922095037345613,0.2697068256624646
0.241114442057473,0.32756798693546724,0.21130990554668988,0.22000766546036982
0.20483149202697137,0.3586515464688158,0.183632591500979,0.2528843700032338
0.19681107780745496,0.22208903142956862,0.20768169034690262,0.3734182004160739
0.18148805866823628,0.3518765254570912,0.22195717870199216,0.2446782371726802
0.1818624932322377,0.23267636292741617,0.3465287155568427,0.23893242828350345
0.2375307315132412,0.2442566924254225,0.263569380029852,0.2546431960314845
0.2834550469894482,0.2971189230487178,0.22529497851489458,0.19413105144693957
0.18717212205048767,0.25450392319030657,0.29247386114248614,0.26585009361671963
0.21664394418825283,0.24101587663374355,0.24903196833484947,0.29330821084315406
0.26837234479973915,0.23683075763725092,0.22038836359030184,0.27440853397270804
0.3219106497440394,0.28770925564967503,0.186031370736363,0.20434872386992242
0.2103549015868468,0.423288107210927,0.19617638454843175,0.1701806066537944
0.273840756027597,0.31606278271417715,0.20634708814653008,0.20374937311169578
0.20270500934167407,0.2423472303221398,0.2679861628688953,0.28696159746729083
0.18991112053389894,0.2643931789737246,0.29776719681134706,0.24792850368102942
0.23234179507013267,0.2897473551131822,0.23566416490864106,0.24224668490804405
0.29991646465767874,0.2164888098285769,0.2602102821508424,0.22338444336290186
0.24243377091982496,0.23929007908110891,0.2156805106880675,0.3025956393109987
0.3116552347774461,0.22910212150049247,0.23329284974616518,0.22594979397589635
0.2777851835853824,0.2853729245392383,0.24481833739004968,0.19202355448532965
0.21111744392326953,0.2877374698261506,0.27125830528703787,0.22988678096354193
0.39223768953538485,0.22201247209051517,0.16356557151866835,0.22218426685543163
0.2670954639733604,0.1872806455314054,0.20341164683757593,0.3422122436576583
0.2684434581638257,0.3105594927302747,0.14609042776099956,0.2749066213448999
0.24593821443883937,0.35947132157610223,0.1818344033775989,0.21275606060745939
0.26356205199670724,0.3289858768149563,0.16995194813989736,0.23750012304843937
0.3169224724303232,0.2287606467493947,0.2362984294974048,0.21801845132287734
0.27765273047259237,0.22557351394601638,0.2609873121245796,0.23578644345681166
0.16933042846450427,0.23686060997262223,0.23250969816083386,0.3612992634020396
0.2405468668067998,0.16195063424595876,0.20890341575547738,0.3885990831917641
0.3098588333764588,0.22914801226405154,0.20498436766773787,0.2560087866917518
0.18088811092248203,0.22103446005771105,0.22828531951789013,0.3697921095019168
0.12481289792125842,0.16673602302059456,0.24716253113523323,0.46128854792291374
0.17777048856426103,0.24981554808544196,0.2059779256258015,0.36643603772449546
0.32013313256712134,0.2967558683091156,0.16950055549895257,0.21361044362481055
0.22508486116340157,0.41732294456779695,0.1577191684315544,0.1998730258372471
0.20331961050699815,0.3646196643992804,0.20860852653360437,0.22345219856011728
0.24306230269463533,0.29146242264212924,0.20379746255854134,0.261677812104694
0.291960201073029,0.2777669205845628,0.20721624914642534,0.22305662919598282
0.1826651459655258,0.30357346091338977,0.21694444050378253,0.2968169526173019
0.3288497663943363,0.28170744801639375,0.22247343646330728,0.16696934912596262
0.32279086441276883,0.23061852598950172,0.2022785466491864,0.2443120629485429
0.2527529432830719,0.16130832265825734,0.20996252896101472,0.375976205097656
0.2791320478793814,0.35139724139127065,0.19070592454379984,0.1787647861855481
0.4668114851209887,0.27070627772396594,0.12343116340877557,0.13905107374626985
0.26712759205328657,0.31688666778551344,0.18559003149597647,0.2303957086652233
0.22513926233060258,0.31917909234394076,0.19667339729514155,0.25900824803031525
0.21384620055650716,0.2876205780267596,0.29402053210355394,0.2045126893131793
0.3046722469035498,0.2756392914192118,0.19903801624982975,0.2206504454274087
0.3077607356543274,0.2836478531783437,0.19901660702425236,0.2095748041430765
0.2704597564020718,0.27961939685951664,0.25814122362679276,0.19177962311161864
0.3189411525115466,0.3411289866070931,0.16552162792080055,0.17440823296055968
0.3213189582974638,0.1832733137708402,0.3253644728357001,0.1700432550959959
0.20085650183801398,0.34140630706482333,0.24300978365482429,0.21472740744233837
0.2527778110985981,0.2727293586200721,0.20037513232392426,0.2741176979574054
0.26531351866442493,0.2708784762390996,0.27016796521835595,0.1936400398781193
0.20727972633956748,0.23197746090601226,0.30362120057632386,0.25712161217809654
0.25629678720258775,0.25951183200023903,0.28286293120288775,0.20132844959428542
0.2460881897771308,0.22896499364258824,0.28798199037738,0.236964826202901
0.24737689769348087,0.22411834198394587,0.2739533208530761,0.2545514394694972
0.26158996108509647,0.20007146997727962,0.2827447095783872,0.2555938593592366
0.2976776942374095,0.2374167533004777,0.2073436891299697,0.25756186333214315
0.2601993082394897,0.24924447594856458,0.26077122392684243,0.22978499188510332
0.24798030984932615,0.22111587626463033,0.2522157546641766,0.278688059221867
0.2861065307639278,0.36233482898767627,0.1860264256681051,0.16553221458029083
0.24728340438205118,0.3081604951971251,0.20790738393402383,0.2366487164867998
0.2789153294043318,0.25984250137551024,0.22024373795560934,0.2409984312645486
0.22531186847191245,0.24250705017570912,0.19052884533506467,0.3416522360173137
0.2533248909305121,0.19925198647525386,0.318018716881409,0.22940440571282503
0.20246153749940773,0.38685546370491186,0.18514086299007626,0.2255421358056041
0.21698999305456226,0.24272445156589578,0.2790442630836974,0.2612412922958445
0.2499412584325139,0.32096303067961973,0.22810964504894718,0.2009860658389194
0.26734326874778086,0.30575971113402106,0.19198859253495176,0.23490842758324634
0.32707892683931844,0.30466117643489465,0.14291430672573183,0.22534559000005508
0.25427433822756795,0.28381607145566573,0.2728567087176522,0.18905288159911424
0.2625864852505615,0.3061354276127263,0.25811816731705584,0.1731599198196565
0.3078826685205721,0.3247755133508341,0.17612861192747067,0.19121320620112317
0.24867661385322573,0.2949925230377727,0.2040990502619737,0.25223181284702784
0.3087761823092047,0.31469500281894136,0.17860856699640842,0.19792024787544538
0.2207704496067426,0.2684199726684233,0.2514819055958341,0.25932767212900004
0.2589550232141236,0.19778811440589086,0.31541302297352253,0.22784383940646297
0.17098998784320488,0.15618546354582769,0.21401669148606692,0.4588078571249004
0.3075093698590182,0.2184607969564235,0.2161055196760653,0.2579243135084931
0.19112161703720904,0.2097114541245048,0.2732918053780664,0.3258751234602197
0.22057527130040527,0.1711662194375031,0.18183407857954192,0.4264244306825497
0.22993877807292476,0.20005711468288884,0.2270210194164521,0.3429830878277342
0.21057757663117593,0.239475887660546,0.2008867236224555,0.3490598120858225
0.16172104142348767,0.18816073343233017,0.22050674556819783,0.4296114795759844
0.24867444112175532,0.21863250083856028,0.24678449022005516,0.28590856781962914
0.3554416702208517,0.22250193386563089,0.2247275482584247,0.19732884765509281
0.20350480468750562,0.2500239903986022,0.29715424996167145,0.2493169549522209
0.24953250595047896,0.23136846726992044,0.2044380277312444,0.3146609990483561
0.2529653242788839,0.34455582688616265,0.21127360731978068,0.1912052415151727
0.24094415921103612,0.201015762144342,0.21651268945300944,0.3415273891916125
0.2717996625956278,0.30591844556617565,0.17843581442215453,0.24384607741604192
0.2100205303861332,0.37027382010413434,0.20103126862284726,0.21867438088688504
0.31295709178709746,0.2847044463684646,0.229520439593867,0.1728180222505709
0.2605146537530796,0.2377860175641935,0.2851782397036524,0.21652108897907432
0.3949142359156529,0.2028267578621567,0.24429825035652006,0.15796075586567046
0.23781707374034905,0.23795825053872213,0.25047148143856635,0.2737531942823624
0.2787501695381525,0.3743231639861502,0.1516321976674104,0.19529446880828705
0.2871766098752825,0.3000743942463145,0.25927771735891364,0.1534712785194894
0.16827051454205444,0.09925914385152455,0.18492227375699505,0.547548067849426
0.19235366822948147,0.33546464809643967,0.1821594626379084,0.2900222210361703
0.3079863356122024,0.20413813668197606,0.2502120241672613,0.23766350353856022
0.23916352794183657,0.2716540694370988,0.2046359762016578,0.2845464264194069
0.22578205921874833,0.16783460014831175,0.29798050269104087,0.30840283794189893
0.1902710352311329,0.23987438441510048,0.27245602935332597,0.2973985510004407
0.2353154882273242,0.3392322755564968,0.19413145942620705,0.231320776789972
0.3179691229350472,0.19455898749678205,0.2697486872022703,0.2177232023659006
0.20491355270623984,0.387657188070838,0.195297029524408,0.21213222969851436
0.26935457267814755,0.297970159989516,0.17735203801935434,0.25532322931298207
0.24492068611163617,0.294778598400544,0.2687643148554318,0.19153640063238794
0.26983729849706634,0.22848105995198764,0.2536092928900954,0.2480723486608506
0.2858144649918445,0.27954920976494696,0.2597443744853058,0.1748919507579028
0.21668712533829437,0.24377092089813823,0.19623265813203442,0.34330929563153306
0.2325218858914335,0.3131994583610332,0.2044916421516183,0.249787013595915
0.22952466357503762,0.2523963633522765,0.2726291807002179,0.24544979237246792
0.27492301687522297,0.2761766560777404,0.27530327146998224,0.1735970555770544
0.21209321034470724,0.30127707905262124,0.21366155513716414,0.2729681554655074
0.2549010879609504,0.23432553734290937,0.2460258033182734,0.264747571377867
0.29299176011906813,0.3172030650830567,0.20420590774299582,0.18559926705487942
0.2624178523639566,0.1994532999255257,0.2293185557320165,0.30881029197850124
0.24734862197646268,0.3217025209313676,0.2063652243242714,0.2245836327678984
0.279718226288304,0.29581883199774545,0.1866319284362095,0.23783101327774103
0.2870402948346109,0.2588334292063001,0.21625716234399436,0.23786911361509455
0.23929605273012525,0.19749728919571594,0.2456349539497716,0.3175717041243872
0.21044492050787222,0.31705234296480195,0.22797827270405346,0.2445244638232723
0.2676628260331192,0.2360976262520179,0.22018488180927917,0.2760546659055837
0.2673267125427638,0.2645534184118923,0.20090151017700936,0.26721835886833467
0.22575887031258374,0.3992748972757565,0.1942088513366427,0.18075738107501707
0.24999720184490665,0.21958964099791797,0.2925841683407568,0.23782898881641854
0.297343560281561,0.2609550361757383,0.2172298452519368,0.22447155829076373
0.19427857952695762,0.18055680498394627,0.25601257272563566,0.3691520427634605
0.3024792132553317,0.23414237206580074,0.22625416465774856,0.23712425002111892
0.313633342774093,0.25817932207001903,0.19687973696053127,0.2313075981953565
0.24775995037972606,0.2830635097420358,0.25419490330224437,0.21498163657599373
0.20203719083611185,0.23396610311836227,0.24381268648673615,0.3201840195587897
0.21422248480928113,0.17666876298260153,0.36381772401540274,0.24529102819271448
0.27025319895455946,0.1762508420990738,0.18665010239379512,0.3668458565525717
0.33630556665723976,0.2301408348426768,0.23279901233093833,0.20075458616914504
0.19656152246365935,0.30815279112535127,0.22628635168378783,0.26899933472720167
0.2748286852177899,0.2519005612025919,0.1984507959895145,0.27481995759010364
0.2460847179088278,0.25192177363979196,0.21008328539432086,0.29191022305705944
0.3127675617059484,0.18692548061341563,0.21591059596860762,0.2843963617120282
0.2633512554652694,0.30150120735567526,0.2251030513585699,0.21004448582048538
0.22097632025687372,0.23344911557885706,0.2513035705425895,0.29427099362167963
0.3058559353342382,0.18569474375072878,0.24294074323284706,0.26550857768218583
0.3059014161541499,0.20216685471217863,0.2569889351765786,0.23494279395709275
0.21178070536940635,0.23148870928599338,0.270722319375532,0.2860082659690682
0.19339632520859723,0.33161475112931105,0.21866574708308315,0.25632317657900855
0.2427886784596917,0.22377504112088278,0.24942430225599121,0.28401197816343426
0.26752426715847477,0.22108939267225383,0.2440251547115589,0.2673611854577124
0.27192546535876233,0.3308423633033264,0.21370398536017995,0.18352818597773135
0.3141865115011233,0.22175490953107863,0.2210146839840562,0.24304389498374193
0.3899990927822423,0.2211023418704165,0.20222068613437974,0.18667787921296164
0.2856903081726567,0.2372322262340217,0.2277639706384342,0.24931349495488747
0.28593066961304636,0.23227344839321776,0.29332634706685673,0.1884695349268792
0.1925951221448865,0.20393508447210792,0.27497767799834355,0.32849211538466194
0.33065467959873346,0.22888028062001947,0.24319967189860603,0.19726536788264104
0.4251280468528765,0.19617019147657871,0.239885301862025,0.13881645980851967
0.2695914933798952,0.3082543272657034,0.23761805923569385,0.1845361201187078
0.2535600792571813,0.29616587840517816,0.18370190171103845,0.26657214062660206
0.3909513595152053,0.2531203417204342,0.20147176342502257,0.15445653533933784
0.2727759469930521,0.1565549600084966,0.2157149154041541,0.35495417759429704
0.23472758290074944,0.2513816597871107,0.27264741728760933,0.24124334002453052
0.19269877659467438,0.40393627699586454,0.22658477908195945,0.1767801673275017
0.2495539993423196,0.2268573696605964,0.19834990196314672,0.32523872903393736
0.21788935502128354,0.29958305903832794,0.2429336826512082,0.2395939032891802
0.22204134607453524,0.18947690658503824,0.2285983927656151,0.3598833545748113
0.2983177898166716,0.21807881127096954,0.21034646001840235,0.2732569388939564
0.40377099530784355,0.2834582061410246,0.17168055033130766,0.14109024821982427
0.21903093344378358,0.26082836184812663,0.235889831469528,0.2842508732385618
0.20324153862338518,0.32014357575779556,0.21371622018044378,0.2628986654383755
0.35202517021747104,0.2339929774468612,0.23072683616855338,0.18325501616711448
0.2567995231135786,0.2363049196801971,0.22659405600754542,0.2803015011986789
0.34801994040712153,0.20852835158895644,0.28204746431164995,0.16140424369227196
0.37767191675821365,0.3032803242097742,0.17436577799334607,0.14468198103866597
0.26143656735316273,0.42198048140711186,0.16474222036364972,0.15184073087607564
0.31331027439475934,0.28965999531748304,0.19411355512537742,0.20291617516238014
0.22780355981093553,0.2705312678489196,0.25180294473986725,0.2498622276002775
0.2434100007769495,0.3321393314970716,0.21695235961688739,0.2074983081090916
0.18838855721332254,0.24931743777485013,0.33351909555009324,0.228774909461734
0.2533736111790959,0.40273867777304445,0.16653410189297316,0.17735360915488665
0.32170146267785793,0.22998452314503573,0.2652551332492435,0.18305888092786285
0.21293196216609103,0.25903379848531627,0.23216032581514467,0.29587391353344794
0.22333470913910689,0.42099922651067584,0.17395993113984382,0.18170613321037332
0.24932506321830514,0.29406896872415844,0.26057165034754187,0.1960343177099944
0.22930227932848712,0.41100983128842683,0.20505635481218312,0.15463153457090298
0.322087783858892,0.2697684312793127,0.20851147548172724,0.19963230938006815
0.30887930445725653,0.2988097015013663,0.20848163266687084,0.18382936137450626
0.2979964667387261,0.2659745023846433,0.19144514320131342,0.2445838876753172
0.2938916459525474,0.16778555411686127,0.21834841703896496,0.3199743828916264
0.22501868772393346,0.3196029233519297,0.21340341748961605,0.24197497143452068
0.26401794843989757,0.25448197997620525,0.26820586008108066,0.21329421150281655
0.3044285008634364,0.3417944547794951,0.17989517471093983,0.17388186964612884
0.24298019658619213,0.3002346687051361,0.2724099901690434,0.18437514453962828
0.24152665392795467,0.3379146758133699,0.22824051118489874,0.19231815907377675
0.194271658604205,0.32529438815844686,0.27404577767753835,0.20638817555980965
0.43171023278124554,0.2166952451812204,0.2143053891425309,0.13728913289500308
0.20419183231300853,0.35174689854349706,0.19993886686294493,0.24412240228054946
0.285473330124144,0.22976582933949624,0.22577741607498217,0.2589834244613776
0.21328276149806072,0.19620161387132962,0.3982050464688893,0.1923105781617205
0.28477351214950053,0.2245177316809893,0.2687805410851942,0.22192821508431607
0.281299493593004,0.26606748997654506,0.25619765860140364,0.19643535782904742
0.2194535140480759,0.26833926191139423,0.23841959568240823,0.2737876283581217
0.21786042276998221,0.17894067614575815,0.34769285278289436,0.2555060483013652
0.2647228492695331,0.18928047366115353,0.27563565860580996,0.27036101846350336
0.2365785355533667,0.2470485802247899,0.23429705177773427,0.2820758324441091
0.2838478976668749,0.20104958999406555,0.22071746249447832,0.29438504984458125
0.21752896151779613,0.20041869721402372,0.35617577200113987,0.22587656926704014
0.29992729332169804,0.26028673285369425,0.2141488728828174,0.2256371009417904
0.2586733779096359,0.20789881627169185,0.2786440805555729,0.2547837252630992
0.259668260425476,0.18759272365571691,0.31417320684453065,0.23856580907427646
0.1829046766017902,0.2667094458208711,0.27709313363817195,0.27329274393916686
0.2993534404473218,0.2432299214368799,0.27350099545925055,0.18391564265654772
0.21069894569488604,0.24103550820406155,0.24858076611394542,0.299684779987107
0.30718672202242125,0.33509673249630406,0.16389097232233527,0.1938255731589394
0.3937844555611711,0.26612247622673424,0.19743356056068379,0.14265950765141078
0.2619270369566003,0.3216300413796005,0.2106027625670265,0.20584015909677275
0.4056132996555584,0.2650824725391591,0.16975881007028895,0.15954541773499348
0.23148982630894877,0.3180281536584818,0.2004799263834344,0.2500020936491351
0.2365486889003483,0.34082112401681075,0.1962574161877291,0.2263727708951117
0.25221915983219606,0.38785423571202043,0.1811982170549028,0.17872838740088068
0.2188061293657193,0.35088499105274035,0.20885747027490437,0.22145140930663584
0.22470035829511836,0.27482678201895866,0.3338491274948932,0.16662373219102963
0.2519518794983275,0.37063419802216707,0.22332261234059064,0.15409131013891483
0.2615673052905501,0.3439620584519593,0.18015863464811027,0.21431200160938046
0.32646837510939947,0.22610423994072265,0.27070234768004897,0.176725037269829
0.299203056619146,0.2546307957550092,0.29156710161841565,0.15459904600742913
0.25512643370599597,0.2575946574941833,0.3333260137740281,0.15395289502579274
0.3531590319587153,0.26657765453075477,0.2173679301310048,0.16289538337952505
0.2500684286888201,0.19911450566645572,0.3950780971572542,0.15573896848746993
0.2974836423937683,0.22908085457480895,0.247283829290064,0.2261516737413589
0.3069121548925011,0.17300450776615128,0.2488380602458748,0.27124527709547275
0.20472885556605608,0.19055753594585942,0.375616568960856,0.22909703952722862
0.28661841387374365,0.20025219846503434,0.2516557122297813,0.2614736754314407
0.28127018840142015,0.14882415630771179,0.2528114534142122,0.3170942018766561
0.20923301635105013,0.24934723715817797,0.30102783658221,0.24039190990856185
0.19562719835032072,0.26748074647148845,0.2864449507714467,0.2504471044067442
0.2201656272064073,0.2400115695022819,0.3040292051923128,0.23579359809899797
0.2272388881619703,0.29515537276369597,0.27786702390842855,0.1997387151659053
0.1994135028962826,0.2342090113948159,0.2511640296732739,0.31521345603562767
0.33027674549920666,0.20474304934271234,0.25343336780191383,0.21154683735616725
0.2730269515686143,0.16958218225757105,0.21365517231393966,0.34373569385987496
0.2452946661362586,0.2240937852269328,0.24013909540411563,0.29047245323269294
0.19944670041188384,0.36562687049957027,0.1947789378142653,0.24014749127428076
0.2272356768120895,0.15796122737258173,0.26241867510166766,0.35238442071366105
0.23009086750210864,0.2810401896332385,0.24545830023770476,0.24341064262694811
0.23771723724508653,0.21489788023445228,0.2169089674576426,0.3304759150628186
0.2440495791150192,0.19929907875134514,0.30707144593835656,0.2495798961952789
0.23278742520260778,0.20293923990785492,0.30694101160431597,0.2573323232852214
0.23718961596740673,0.21551008771212335,0.24028622193756577,0.30701407438290423
0.2907264160927768,0.2210710455475174,0.2924565084999854,0.19574602985972053
0.25685586278863387,0.17032161668489584,0.3556713335335577,0.21715118699291266
0.2087385540794785,0.278368817145245,0.2997633147211218,0.21312931405415472
0.21165614188356274,0.3620191416037589,0.1928430345803501,0.23348168193232827
0.32254169752919987,0.23737110182313492,0.2514783570724389,0.1886088435752263
0.21151323286343915,0.1969206184411864,0.33931519541022115,0.2522509532851534
0.2563481880482148,0.30450506977054503,0.18698009651695174,0.2521666456642884
0.234307784848611,0.25818697274558683,0.24906236690718297,0.25844287549861916
0.28824553950602283,0.2580982069078248,0.1904950720439019,0.2631611815422506
0.2738664953238538,0.24888283694947994,0.27975733966123717,0.19749332806542905
0.2578007263277769,0.3154532044437611,0.212134524743827,0.214611544484635
0.3610405411718357,0.2685147383662154,0.18894161407600157,0.18150310638594727
0.41228169989181684,0.19978053346663455,0.22248030164603483,0.1654574649955139
0.25618048686389927,0.24357928713529306,0.18681356173856986,0.31342666426223775
0.28615120344044837,0.26225543888459146,0.22886883265933797,0.22272452501562234
0.29476314833397105,0.2349365539974197,0.21917700224793374,0.25112329542067546
0.2171205960751112,0.2748856035434819,0.29586878045594733,0.21212501992545968
0.26202941799145013,0.418319219953518,0.17398378948155874,0.14566757257347313
0.28085843822444856,0.255225633922576,0.18177247287154763,0.28214345498142784
0.31062641609669406,0.22702901996138988,0.21845458954824948,0.2438899743936665
0.23180724774306838,0.2087529864630071,0.3275301086627603,0.23190965713116438
0.30968055908317443,0.20232667321379275,0.30029530088084166,0.18769746682219116
0.2693591841106809,0.3268518319573294,0.21232358432690102,0.1914653996050887
0.3014624456468722,0.2630552583056572,0.22324741941306317,0.2122348766344075
0.28495899018452114,0.25110766794858536,0.2109257697042915,0.253007572162602
0.23499611935359338,0.19880990493852257,0.24487296034416828,0.3213210153637159
0.22205162657213912,0.41985832575916554,0.19010452446702206,0.1679855232016733
0.2922851399929373,0.2995951053742405,0.22249906536278755,0.18562068927003472
0.2543952977460482,0.2837559731467062,0.21202825242439782,0.24982047668284765
0.24825740635373353,0.27668603678942727,0.24003403117190747,0.23502252568493162
0.2934885181737528,0.3108298949946132,0.20389321210891856,0.19178837472271526
0.27191100424045456,0.26665723508304573,0.2521208682624918,0.2093108924140079
0.23744341588989648,0.30447127168979654,0.21352052987311296,0.24456478254719408
0.2746869648256031,0.3566267730058945,0.14683891107479483,0.2218473510937076
0.24440597436920564,0.27026545490168485,0.23746751341632794,0.24786105731278144
0.25351731886150264,0.25778430611948866,0.19607129680522245,0.2926270782137862
0.1647751864471376,0.17546699846159314,0.25003642422505323,0.4097213908662161
0.2096821690749746,0.2178122763320498,0.30174362317696835,0.2707619314160074
0.22178103933636326,0.24821163520383638,0.22679501840555902,0.30321230705424146
0.21120179310739595,0.3254792337036786,0.21400578267882794,0.24931319051009754
0.21236664244471437,0.2683885517194871,0.2611528823110592,0.2580919235247393
0.20924357067042795,0.20551636282283478,0.3023455806116528,0.28289448589508437
0.18225285557371937,0.3671906520222433,0.26669890649503813,0.18385758590899923
0.18238728258529951,0.23609340237819812,0.3087206001783149,0.27279871485818763
0.2333145787572036,0.3808400970647363,0.2219493798844801,0.1638959442935799
0.28469085417238743,0.21978005625542263,0.2999035756406646,0.1956255139315254
0.2714929133024533,0.25057470656073194,0.17945252629381248,0.2984798538430024
0.2759576898393353,0.4183344149771989,0.1418954404740362,0.16381245470942962
0.29650525710778763,0.22877384015329982,0.2603921032028593,0.21432879953605316
0.3259240623847833,0.2866313080210809,0.1878574067925056,0.19958722280163044
0.3052107953016756,0.2315479022890749,0.204514963204071,0.25872633920517846
0.334224254778012,0.23695448213829318,0.22662722965462598,0.20219403342906875
0.16408470956672347,0.267587691854968,0.28783234316204037,0.28049525541626813
0.271959582247827,0.319535581800007,0.1850813797732032,0.22342345617896273
0.3235866725477125,0.32188279351572097,0.1722292189908005,0.18230131494576604
0.19865911786278176,0.2940090810687897,0.18362048209698328,0.32371131897144523
0.18051682225216603,0.1894064004584768,0.20623373597646777,0.42384304131288947
0.2583423629208355,0.19174802796385973,0.25587776290666236,0.29403184620864237
0.1924361852867401,0.23193723867542634,0.28142695780078447,0.29419961823704927
0.17389208331174752,0.17097147050872258,0.3253336299648597,0.32980281621467017
0.32126363893485677,0.27798809592575846,0.20274412522621527,0.19800413991316965
0.1953261834606628,0.15440710832731852,0.28561448276975315,0.36465222544226555
0.17212811505802594,0.23212663065870898,0.27118077804138624,0.3245644762418789
0.2654611239212141,0.29897843411722075,0.20157778490360595,0.2339826570579592
0.2093948693978411,0.34523712723931427,0.20757846529648993,0.23778953806635464
0.229837787613357,0.2869613846203129,0.2487352799965036,0.2344655477698267
0.22089714435790136,0.2502056437516016,0.27580467759304605,0.25309253429745093
0.2614426194851263,0.18859747364290103,0.32232193481554555,0.22763797205642725
0.19181343965160644,0.4212101675630782,0.24154302657884244,0.14543336620647274
0.2211597064864497,0.21867945094313188,0.3880611621334422,0.17209968043697613
0.1671213566870763,0.39847139845654866,0.20596737339053903,0.22843987146583608
0.3163249252976101,0.270191382948368,0.200676927361783,0.21280676439223886
0.20273343158934715,0.3348940259833386,0.23707188206158772,0.22530066036572652
0.21691965348606557,0.31204248169226123,0.24612215275052313,0.22491571207115005
0.2751071720854366,0.2695324009750383,0.23527856370132355,0.22008186323820172
0.2251027234749813,0.2658205826182895,0.2477283479810815,0.26134834592564776
0.2844850080132932,0.1905315328822459,0.26056127915074406,0.2644221799537168
0.169931071012394,0.1926516013258806,0.23455497289176483,0.4028623547699606
0.21282832895348455,0.32392288208010217,0.22912809577439014,0.2341206931920233
0.2056991595305875,0.23264593512929843,0.24187267357724762,0.3197822317628666
0.24329504045025127,0.19268978585463079,0.27923630720830617,0.2847788664868118
0.2905809753477634,0.25710659827698923,0.23594672135675943,0.21636570501848792
0.3316091966110494,0.2492846623878719,0.18016559584100983,0.2389405451600689
0.35365772004532886,0.21680615195793176,0.2394410620374753,0.19009506595926404
0.2995474066926889,0.2801878051351167,0.25032447590968404,0.16994031226251005
0.218064223753297,0.2126422744722256,0.284970015404173,0.28432348637030436
0.3158941142973903,0.25524804648531646,0.21204426745865965,0.21681357175863364
0.2742315952246366,0.2131474583462841,0.2412638132571103,0.271357133171969
0.27732299463077986,0.31459743896656117,0.20165669667026823,0.20642286973239082
0.2749690207486587,0.23560243535678546,0.2560812612652501,0.2333472826293059
0.4196882683874557,0.1754380455811688,0.23691527732491552,0.16795840870646
0.29939229698971986,0.25019096897145576,0.26999566408625686,0.18042106995256751
0.24992528006807319,0.35830846623381446,0.23516864655054748,0.15659760714756485
0.42093587003295135,0.16202399273558002,0.26289948506944644,0.15414065216202225
0.32306173254245335,0.2641414969764552,0.2784978682547972,0.1342989022262942
0.18765707116545985,0.19370895461735355,0.21706082266463284,0.4015731515525539
0.18850216045530874,0.31226561138502296,0.23470245730282752,0.2645297708568408
0.336786239031277,0.21144254113921002,0.2505570246351531,0.20121419519435962
0.15709561404715772,0.20076725216505892,0.2772003923723002,0.36493674141548316
0.27363085813473703,0.3023967678583669,0.23674620809731436,0.18722616590958177
0.23686265727795452,0.28100945240626873,0.25045754651984536,0.23167034379593135
0.28540695872633837,0.32759225927742525,0.19000879569100182,0.1969919863052346
0.24343801938577359,0.24117176628785345,0.2268415043796147,0.28854870994675824
0.2669702051722166,0.20232973447365443,0.25697301101443815,0.27372704933969066
0.28329150352809396,0.22116397647082292,0.2426501749158643,0.25289434508521874
0.2725365585662146,0.23289237938978505,0.2702220564705034,0.22434900557349693
0.30639924920191997,0.26905792882852014,0.18357313163255395,0.24096969033700597
0.36908132630947793,0.25665702745132596,0.17629880916460042,0.19796283707459558
0.25352094749690024,0.20863952254659585,0.20838679633533974,0.3294527336211641
0.25834956606705084,0.2538375237219974,0.24273305847062604,0.2450798517403257
0.2725774391653088,0.20971343837497247,0.23029293750553595,0.28741618495418286
0.25084897337853146,0.2440700606818084,0.23751143399050023,0.26756953194915994
0.2633504583901149,0.22133051157380818,0.2746977109575271,0.24062131907854997
0.2174388420518047,0.32574914544764727,0.25493713497087894,0.201874877529669
0.195317846560866,0.19774417712129919,0.2388156100203198,0.3681223662975151
0.21448763509993862,0.1944651862867298,0.20382608017926254,0.387221098434069
0.24965381693294025,0.2607779891436956,0.19985513335844934,0.28971306056491475
0.3425420209185399,0.20789780119643206,0.1985160580138048,0.2510441198712232
0.27170343399223934,0.2221752502180382,0.23702882364600783,0.26909249214371467
0.2725538614461161,0.2100054462687085,0.19619529314114,0.3212453991440355
0.274106102159844,0.21953329343286282,0.18830780122041169,0.31805280318688145
0.24023206228745794,0.21637900598724408,0.2017449595647004,0.3416439721605976
0.1850357177873351,0.2138575083184161,0.27914061398426904,0.32196615990997984
0.3074067737006256,0.2606347445890624,0.2425153037943351,0.18944317791597687
0.2438626938258577,0.2829044745292219,0.25550962323589943,0.2177232084090208
0.2819205822505812,0.3456476981197543,0.19314344800594396,0.1792882716237207
0.25103343646001963,0.2209249881829649,0.22966073073131718,0.29838084462569836
0.2414838883782175,0.30165326375029383,0.23641192457367788,0.22045092329781066
0.1940748213321608,0.2270085780327416,0.21030742373575056,0.368609176899347
0.3205529544091275,0.27911644546421527,0.23248010718109197,0.16785049294556526
0.18783111545493583,0.29089901784250316,0.2892170491674294,0.23205281753513174
0.36217234055751546,0.2577209891398629,0.21195677845901714,0.16814989184360435
0.25350754642601003,0.2685824163451548,0.20379215502735104,0.2741178822014842
0.34610144759510497,0.21465206265729542,0.2482455148507392,0.19100097489686052
0.2377694381588228,0.3199620805199839,0.22235973507648973,0.21990874624470363
0.23039340664272587,0.23145948178031786,0.21596520743973918,0.322181904137217
0.2616896013664328,0.2050449398601976,0.30248565341695655,0.2307798053564131
0.3221275969615519,0.24462413800495836,0.25352895320103175,0.17971931183245796
0.36825978114835306,0.2568334696622998,0.17957135607188807,0.19533539311745904
0.31790551546351636,0.28474164086757,0.21449451380306012,0.18285832986585357
0.36896706815976166,0.24208494594383936,0.23483989283674622,0.15410809305965276
0.276783713235896,0.2516152860600198,0.29705741114216266,0.17454358956192145
0.2345837768477831,0.22867731691558033,0.23520222738127927,0.30153667885535734
0.39820984330931286,0.2634267608215187,0.14917978997107018,0.18918360589809827
0.16290105506926325,0.3418580024915673,0.17588674928118314,0.31935419315798635
0.2670094538017799,0.25200480652036483,0.2817259196271335,0.19925982005072185
0.3319235754516011,0.19882782083354092,0.24300025021815735,0.22624835349670058
0.24229497693112736,0.2612746429609658,0.22016545765616344,0.27626492245174333
0.22701194291740046,0.22943405050900287,0.3402894380607076,0.20326456851288924
0.23903941110621696,0.3467504069833957,0.2681932117750649,0.1460169701353225
0.2317965321592728,0.3527389138575723,0.20885039215334822,0.20661416182980677
0.18170650098777444,0.3188458200390084,0.291752836746455,0.20769484222676216
0.2432405714450631,0.225066538593522,0.18370196716569032,0.34799092279572447
0.3057752481518071,0.264554747746708,0.19501369652413456,0.2346563075773504
0.26788824695087965,0.3053534830472498,0.23019733849045731,0.19656093151141343
0.19769867843517228,0.4267609303819257,0.21180600059696764,0.1637343905859344
0.2523643130587506,0.3011811153386421,0.24399440724883992,0.20246016435376735
0.25268423611204777,0.25520235245444645,0.31373449260981606,0.17837891882368978
0.27900306672570757,0.20057991651339968,0.2688125585936976,0.25160445816719523
0.297687580409573,0.3060407722020895,0.2167375860714381,0.17953406131689958
0.18810817933301463,0.4965054643396954,0.1513499559158936,0.1640364004113965
0.2112994679227044,0.4194735073856582,0.19488600952708324,0.17434101516455427
0.19895826156025584,0.35828881314059396,0.20823177736311418,0.23452114793603596
0.3248362498752036,0.26307982914150074,0.25204978983436965,0.16003413114892603
0.33309691201115754,0.2784368166419631,0.19835947587366412,0.19010679547321524
0.2774596120289986,0.30725777212752825,0.1925252627387835,0.22275735310468975
0.2839849755581293,0.25217949105126114,0.1705301669094257,0.29330536648118377
0.1948872940354265,0.42612916490480857,0.19301371736896433,0.18596982369080056
0.23123663080426163,0.25887676730791637,0.20668312387994558,0.3032034780078765
0.20942297388798306,0.22996095805748304,0.2415766477734796,0.3190394202810542
0.23887436088293892,0.20012731061242275,0.2805395745606778,0.2804587539439607
0.3126957120165978,0.3373224555356139,0.18718122159785458,0.1628006108499338
0.32016538502944364,0.2460851951304446,0.24466557448241325,0.1890838453576986
0.18646470234236315,0.28189264412308435,0.23576779933938613,0.29587485419516646
0.20686483173397546,0.18649031884795772,0.22508541495890258,0.3815594344591644
0.22200055846053393,0.2846524215599337,0.1928630192468572,0.3004840007326752
0.2950269145010377,0.3344250767517245,0.1806797231767365,0.1898682855705013
0.21365752046152844,0.2623170945771579,0.18522085215032444,0.33880453281098927
0.22292674452314112,0.32245035629870866,0.18106285935132294,0.27356003982682725
0.20142420106654668,0.24793304292254503,0.22396029333990788,0.32668246267100043
0.21588605934030394,0.27763573182915025,0.21066396295180181,0.29581424587874405
0.25933830738840885,0.22602475610791772,0.28868025362753874,0.22595668287613455
0.3145953136471566,0.18622894986427455,0.25507740939535334,0.24409832709321552
0.23750563191580953,0.3374110490288307,0.18921072474228293,0.2358725943130769
0.26466900521844716,0.31011994879767923,0.18757850703404297,0.23763253894983072
0.3139109347557791,0.1800426645925894,0.2292885798764475,0.2767578207751842
0.21706634360085444,0.37950821869843016,0.2311330715002348,0.17229236620048066
0.204116509978632,0.2781701089004422,0.23742856919388272,0.2802848119270431
0.28085919043792895,0.3303601308870964,0.18029063856865293,0.20849004010632155
0.33391351849893214,0.22845637799481341,0.2431753758197621,0.19445472768649255
0.253231884633319,0.34581353290002426,0.22649520022863961,0.17445938223801724
0.26786147803551946,0.3393729789107776,0.202079629304031,0.19068591374967203
0.37991036433943537,0.17236118234979236,0.18378021565981945,0.26394823765095293
0.19656991892474163,0.19521926331183093,0.21168568473747879,0.39652513302594866
0.15509823715068802,0.2396047427358121,0.22015834424665265,0.38513867586684725
0.22312627510272293,0.17953830407702523,0.3005984974818526,0.2967369233383993
0.19135140099938105,0.23360557364660828,0.27564329787788655,0.299399727476124
0.20181812463868506,0.3136202924112257,0.2333746055460235,0.25118697740406565
0.21989354731613298,0.3228010142214793,0.1954518491261905,0.2618535893361971
0.17094707314994395,0.15862294477812955,0.1907405424394165,0.47968943963251
0.15776928100855073,0.24456943254711844,0.3398537143965183,0.2578075720478125
0.17623038444507547,0.19551386351703445,0.29039261105347686,0.3378631409844132
0.20587263602493747,0.20940194053507932,0.2219340582390632,0.36279136520092
0.26326318088350165,0.31063967730649383,0.18350563433707304,0.24259150747293148
0.28919027388339125,0.22884687244285876,0.22897333460590294,0.252989519067847
0.2568266749347955,0.27504811020343906,0.23618194916959556,0.2319432656921699
0.26519085429769823,0.23781273638321046,0.18094685344804912,0.3160495558710422
0.24789354224854923,0.22464943982343852,0.19853506534211135,0.32892195258590096
0.22779643128844929,0.32469892550006524,0.23955247039475577,0.20795217281672976
0.1837512917656741,0.27693607665514075,0.17031057463450996,0.36900205694467514
